864371259325849761971265843436192587198657432257483916689734125713528694542916378
695127384138459672724836915851264739273981546946573821317692458489715263562348197
465912378189473562327568149738645291954821637216397854573284916642159783891736425
289765431317924856645138729763891542521473968894652173432519687956387214178246395
563472198219386754847195623472638519951247386638519472795864231324951867186723945
974183652651274389283596714129835476746912538835647921568329147317468295492751863
254367891893215674716984253532698147178432569649571328421753986365849712987126435
865379412924581376713642895397164528482795631156823947541236789679418253238957164
268495317194673852735128964872549631651387249943216785326951478589764123417832596
652483917978162435314975628825736149791824563436519872269348751547291386183657294
967254318184379562253186947691748235835621794742593681376415829428967153519832476
256734198891265374347198652514683729728519436963427581135942867689371245472856913
142569873385217946967438251536871429219654387478923165893746512621385794754192638
157468293238971645469532781926153478741896532583724916674385129892617354315249867
398256417476918253512743698185674329924835761763129845257361984831492576649587132
954738621276415389381692574837564912692183457415927863123846795569371248748259136
863915274429678351715324896287436915541892637936751482154283769698147523372569148
831245796726319548954768231419872365368451972275693814587134629193526487642987153
751432689293168574468759312587243961319675248624981735836524197145397826972816453
578213649263549178419867352724196835356482791891375264932651487685724913147938526
632951847814672953759348126391725684476189532285436791548217369927863415163594278
123897546956413872847265193691378254584921367732546918219634785368759421475182639
761495823284367159953128467625784931138259674497631582346512798579843216812976345
538742916694318527217956384871294653345671298962583471123869745786425139459137862
654837291389214756172965483896451327237689145541723869918346572723598614465172938
963752481451368972728491356892176534174539268635824197519647823387215649246983715
158479632963281475472563918215836794684792153397154826521948367839627541746315289
127398546654172398398564172769831254482659731531427689916745823273986415845213967
549638721726914853318572946654187392892453617137269584273845169965721438481396275
538972416761843952249561378412385769376294185985716234654127893193458627827639541
291845736638927154475136298327498561869751423154362879983574612712689345546213987
827314965619785432435692187142836759563947821978251346381529674754168293296473518
562834719314967285798215436973658142126349857485172963639781524251496378847523691
324857196617239548958614327143528769579463281862791435795346812236185974481972653
416853279529617843378924615145239786967548321832761594691382457254176938783495162
823957461415268397679314258958746123237591684146823579582439716764185932391672845
815947362724563198369218547287354619946721835531689724458196273193872456672435981
265748913943651728718239456451826379392475681876913245687594132129387564534162897
142978635376415928985632147421789563639254871857361294594127386268543719713896452
216597483984123756537648129673954218128736594459812367792365841841279635365481972
416957238732186954958342617695831742273469581841725369187593426324678195569214873
187623594453197862962845713376912458895374126214586937639758241548231679721469385
381457692942861375675932184163579428754286931829143567437618259596724813218395746
941238657673495821825167934319782546564319278782546319258974163436851792197623485
294785631513469728867231945382516479479823156156947382938672514745198263621354897
197684325628531974543792186372459861814367592956218437285173649469825713731946258
617823945245619873389547621851472369792368154463951287176235498528194736934786512
298361745534879612617245938361782594975614823842953176126537489459128367783496251
618732954925148763347956128839267415571493682462815379784321596153689247296574831
926437518785216943134859627342968175859721436617543892261395784573184269498672351
456971238821643795397285146634857912782169354519432687268394571173528469945716823
951263784728419356634785912419627835582391647376854291143976528297548163865132479
915632847748519236362874195287496351639158472154327968491785623523961784876243519
879421653152836794346975182517243869628197345934568217481752936293614578765389421
723946851581327964649815732497632518358179426216584379832451697164793285975268143
732864195916532487485971326671429853853716249294358671348197562527643918169285734
347592168186473295592618437413759826758326914269841573934165782871234659625987341
956734812312685479478129653125376984794852361683491725537918246269547138841263597
835729641127465839649813572386972154251684793974531286418356927792148365563297418
674935218825716943193248576342657891958123764716894325289361457431572689567489132
913862574627145983854793216572386491391457628468921357285674139736519842149238765
671938254843257169925416387516873492792641835384529716468192573157364928239785641
543768129629315847187942563352874916914623758768591234836257491495186372271439685
619243587572968314348517296893156472167324859254879163421695738736481925985732641
139586472427913568856724139948371625213865794675492813361258947594637281782149356
385962471479831526126745938931458762742613859658279143214596387897324615563187294
253197864841563972697248513315872496984615237762934185526381749179426358438759621
726439518835716294491582376679245183218397645354168927962854731187623459543971862
429176583658329417137845926942768351371594268865231794214657839783912645596483172
134928567265317489789645231896754123421863975357291846942136758573489612618572394
825137964174596283963248715752364198491782536386915472248679351639451827517823649
931465782782931456456782139327856914145379628698214573864127395573698241219543867
917486532546293178238157694789362451123745869654819327371524986495678213862931745
834921567175863249629475381543612798768349125912758634487136952296587413351294876
574386129812495367963271548159768234436129875728543916341957682285614793697832451
973482651152679384486153972395764128728315496641298735514927863869531247237846519
326459817951278463478631592519726348634895721287143956893512674762984135145367289
573961824642837591918245736135486279269713458784529163357194682426358917891672345
243785169168294375957631824789316452412958637536427918371549286624873591895162743
691532487758941236342768591587219364964873152123654879475186923839427615216395748
351792684689134572274658913963547128748921356512863497497385261125476839836219745
572394168184276359369581472631859247827643915495712836953127684746938521218465793
937421865542386971618597423159842637874653192263719548795134286486275319321968754
289761345543298761617435289172549638934826157865173492758314926391682574426957813
297364851541782639683159724358421976716598342429673518874236195932815467165947283
978613425246587913513294786624859371357421698891736254465978132732165849189342567
973146825625839471814275369781654293432981657596723184259318746347562918168497532
239781456615423978784956132193248567856397241472615893348562719927134685561879324
649138752871256394352947681964513278738692145215874936487361529526789413193425867
473192658615843972928675134364529817587361429192784563239456781751938246846217395
213948567475361829689275341942153678756824913138697254594786132861432795327519486
264539817789614235513782469371826594845971623926453781692345178157298346438167952
158973246476215983293846751937128564562394178841657329624531897719482635385769412
735269148241538769689147523328916457576324981914785236162493875453871692897652314
648137592521986743973245681265798314137462859894351267389674125452813976716529438
768315249349862571152749683291438765675291834834576192526984317917653428483127956
619582347245371968738694521382719654167425839594863712853147296426938175971256483
357486192842951673196723845785192364631574289429638517918245736573869421264317958
573612489248937651196584327781493265659821743432765198365148972927356814814279536
492856731716923854538147629367498512124365987859271463681734295245619378973582146
